	ncopy
0	14
1	23	23.00
2	37	18.50
3	48	16.00
4	64	16.00
5	74	14.80
6	55	9.17
7	64	9.14
8	78	9.75
9	89	9.89
10	104	10.40
11	114	10.36
12	92	7.67
13	101	7.77
14	116	8.29
15	126	8.40
16	143	8.94
17	155	9.12
18	129	7.17
19	138	7.26
20	152	7.60
21	163	7.76
22	177	8.05
23	189	8.22
24	166	6.92
25	175	7.00
26	190	7.31
27	200	7.41
28	215	7.68
29	226	7.79
30	203	6.77
31	212	6.84
32	227	7.09
33	237	7.18
34	253	7.44
35	264	7.54
36	240	6.67
37	249	6.73
38	264	6.95
39	276	7.08
40	288	7.20
41	303	7.39
42	277	6.60
43	286	6.65
44	301	6.84
45	311	6.91
46	328	7.13
47	340	7.23
48	314	6.54
49	323	6.59
50	338	6.76
51	348	6.82
52	364	7.00
53	377	7.11
54	351	6.50
55	360	6.55
56	374	6.68
57	385	6.75
58	400	6.90
59	410	6.95
60	388	6.47
61	397	6.51
62	411	6.63
63	422	6.70
64	439	6.86
Average CPE	8.25
Score	45.0/60.0

