ncopy
0	14
1	22	22.00
2	33	16.50
3	38	12.67
4	52	13.00
5	60	12.00
6	71	11.83
7	71	10.14
8	85	10.62
9	93	10.33
10	104	10.40
11	104	9.45
12	121	10.08
13	129	9.92
14	140	10.00
15	145	9.67
16	159	9.94
17	167	9.82
18	178	9.89
19	178	9.37
20	192	9.60
21	200	9.52
22	211	9.59
23	211	9.17
24	228	9.50
25	236	9.44
26	247	9.50
27	252	9.33
28	266	9.50
29	274	9.45
30	285	9.50
31	285	9.19
32	299	9.34
33	307	9.30
34	318	9.35
35	318	9.09
36	335	9.31
37	343	9.27
38	354	9.32
39	359	9.21
40	373	9.32
41	381	9.29
42	392	9.33
43	392	9.12
44	406	9.23
45	414	9.20
46	425	9.24
47	425	9.04
48	442	9.21
49	450	9.18
50	461	9.22
51	466	9.14
52	480	9.23
53	488	9.21
54	499	9.24
55	499	9.07
56	513	9.16
57	521	9.14
58	532	9.17
59	532	9.02
60	549	9.15
61	557	9.13
62	568	9.16
63	573	9.10
64	587	9.17
Average CPE	9.92
Score	11.7/60.0

